-4.876629945018553514e+01
-4.876629944954173368e+01
-4.722417376316999338e+01
-4.722417376121710930e+01
-4.506519780211347381e+01
-4.506519779679717175e+01
-4.228937156893670135e+01
-4.228937155436117479e+01
-3.889669507015016592e+01
-3.889669502739877771e+01
-3.488716833094196801e+01
-3.488716819072186581e+01
-3.026079146638248574e+01
-3.026079092926001479e+01
-2.501756512816394462e+01
-2.501756259132024240e+01
-1.915749426978023351e+01
-1.915747822338655482e+01
-1.268063775769963186e+01
-1.268047895760443922e+01
-5.588634512146680500e+00
-5.584925859805559334e+00
